6 6 9 1 10 27 6 6 6 6 6 6 6 6 6 6 6 6 0 0 3 7 20 18 0 0 0 0 0 0 0 0 0 0 0 0
6 9 1 10 27 16 6 6 6 6 6 6 6 6 6 6 6 6 0 3 7 20 18 32 0 0 0 0 0 0 0 0 0 0 0 0
9 1 10 27 16 31 6 6 6 6 6 6 6 6 6 6 6 6 3 7 20 18 32 37 0 0 0 0 0 0 0 0 0 0 0 0
1 10 27 16 31 38 6 6 6 6 6 6 6 6 6 6 6 6 7 20 18 32 37 32 0 0 0 0 0 0 0 0 0 0 0 0
10 27 16 31 38 39 6 6 6 6 6 6 6 6 6 6 6 6 20 18 32 37 32 19 0 0 0 0 0 0 0 0 0 0 0 0
1 10 16 31 38 39 27 6 6 6 6 6 6 6 6 6 6 6 7 20 32 37 32 19 18 0 0 0 0 0 0 0 0 0 0 0
9 1 16 31 38 39 10 6 27 6 6 6 6 6 6 6 6 6 3 7 32 37 32 19 20 0 18 0 0 0 0 0 0 0 0 0
1 16 31 38 39 10 6 6 6 6 6 6 10 6 27 6 6 6 7 32 37 32 19 20 0 0 0 0 0 0 20 0 18 0 0 0
16 31 38 39 10 16 6 6 6 6 6 6 6 6 6 6 6 6 32 37 32 19 20 2 0 0 0 0 0 0 0 0 0 0 0 0
1 16 38 39 10 16 31 6 6 6 6 6 10 6 27 6 6 6 7 32 32 19 20 2 37 0 0 0 0 0 20 0 18 0 0 0
16 38 39 10 16 36 6 6 6 6 6 6 31 6 6 6 6 6 32 32 19 20 2 15 0 0 0 0 0 0 37 0 0 0 0 0
38 39 10 16 36 23 6 6 6 6 6 6 6 6 6 6 6 6 32 19 20 2 15 19 0 0 0 0 0 0 0 0 0 0 0 0
39 10 16 36 23 21 6 6 6 6 6 6 6 6 6 6 6 6 19 20 2 15 19 14 0 0 0 0 0 0 0 0 0 0 0 0
10 16 36 23 21 26 6 6 6 6 6 6 6 6 6 6 6 6 20 2 15 19 14 25 0 0 0 0 0 0 0 0 0 0 0 0
39 10 36 23 21 26 16 6 6 6 6 6 6 6 6 6 6 6 19 20 15 19 14 25 2 0 0 0 0 0 0 0 0 0 0 0
38 39 36 23 21 26 10 6 16 6 6 6 6 6 6 6 6 6 32 19 15 19 14 25 20 0 2 0 0 0 0 0 0 0 0 0
16 38 36 23 21 26 39 6 10 6 6 6 31 6 6 6 6 6 32 32 15 19 14 25 19 0 20 0 0 0 37 0 0 0 0 0
38 36 23 21 26 28 6 6 6 6 6 6 39 6 10 6 6 6 32 15 19 14 25 19 0 0 0 0 0 0 19 0 20 0 0 0
36 23 21 26 28 10 6 6 6 6 6 6 6 6 6 6 6 6 15 19 14 25 19 20 0 0 0 0 0 0 0 0 0 0 0 0
23 21 26 28 10 34 6 6 6 6 6 6 6 6 6 6 6 6 19 14 25 19 20 18 0 0 0 0 0 0 0 0 0 0 0 0
36 23 26 28 10 34 21 6 6 6 6 6 6 6 6 6 6 6 15 19 25 19 20 18 14 0 0 0 0 0 0 0 0 0 0 0
38 36 26 28 10 34 23 6 21 6 6 6 39 6 10 6 6 6 32 15 25 19 20 18 19 0 14 0 0 0 19 0 20 0 0 0
16 38 36 28 10 34 39 26 10 6 6 6 31 6 6 6 6 6 32 32 15 19 20 18 19 25 20 0 0 0 37 0 0 0 0 0
1 16 38 28 10 34 31 36 6 6 6 26 10 6 27 6 6 6 7 32 32 19 20 18 37 15 0 0 0 25 20 0 18 0 0 0
16 38 28 10 34 8 6 6 6 6 6 6 31 36 6 6 6 26 32 32 19 20 18 32 0 0 0 0 0 0 37 15 0 0 0 25
38 28 10 34 8 13 6 6 6 6 6 6 6 6 6 6 6 6 32 19 20 18 32 4 0 0 0 0 0 0 0 0 0 0 0 0
28 10 34 8 13 29 6 6 6 6 6 6 6 6 6 6 6 6 19 20 18 32 4 11 0 0 0 0 0 0 0 0 0 0 0 0
10 34 8 13 29 12 6 6 6 6 6 6 6 6 6 6 6 6 20 18 32 4 11 5 0 0 0 0 0 0 0 0 0 0 0 0
28 10 8 13 29 12 34 6 6 6 6 6 6 6 6 6 6 6 19 20 32 4 11 5 18 0 0 0 0 0 0 0 0 0 0 0
38 28 8 13 29 12 10 6 34 6 6 6 6 6 6 6 6 6 32 19 32 4 11 5 20 0 18 0 0 0 0 0 0 0 0 0
16 38 8 13 29 12 28 6 10 6 6 6 31 36 6 6 6 26 32 32 32 4 11 5 19 0 20 0 0 0 37 15 0 0 0 25
38 8 13 29 12 22 6 6 6 6 6 6 28 6 10 6 6 6 32 32 4 11 5 20 0 0 0 0 0 0 19 0 20 0 0 0
16 38 8 29 12 22 28 13 10 6 6 6 31 36 6 6 6 26 32 32 32 11 5 20 19 4 20 0 0 0 37 15 0 0 0 25
1 16 38 29 12 22 31 8 6 36 6 13 10 6 27 6 6 6 7 32 32 11 5 20 37 32 0 15 0 4 20 0 18 0 0 0
9 1 16 29 12 22 10 38 27 6 6 8 6 6 6 6 6 6 3 7 32 11 5 20 20 32 18 0 0 32 0 0 0 0 0 0
1 16 29 12 22 24 6 6 6 6 6 6 10 38 27 6 6 8 7 32 11 5 20 17 0 0 0 0 0 0 20 32 18 0 0 32
16 29 12 22 24 30 6 6 6 6 6 6 6 6 6 6 6 6 32 11 5 20 17 33 0 0 0 0 0 0 0 0 0 0 0 0
29 12 22 24 30 6 6 6 6 6 6 6 6 6 6 6 6 6 11 5 20 17 33 0 0 0 0 0 0 0 0 0 0 0 0 0
12 22 24 30 6 6 6 6 6 6 6 6 6 6 6 6 6 6 5 20 17 33 0 0 0 0 0 0 0 0 0 0 0 0 0 0
29 12 24 30 6 6 22 6 6 6 6 6 6 6 6 6 6 6 11 5 17 33 0 0 20 0 0 0 0 0 0 0 0 0 0 0
16 29 24 30 6 6 12 6 22 6 6 6 6 6 6 6 6 6 32 11 17 33 0 0 5 0 20 0 0 0 0 0 0 0 0 0
1 16 24 30 6 6 29 6 12 6 6 6 10 38 27 6 6 8 7 32 17 33 0 0 11 0 5 0 0 0 20 32 18 0 0 32
9 1 24 30 6 6 16 6 29 6 10 6 6 6 6 6 6 6 3 7 17 33 0 0 32 0 11 0 20 0 0 0 0 0 0 0
6 9 24 30 6 6 1 6 16 6 6 6 6 6 6 6 6 6 0 3 17 33 0 0 7 0 32 0 0 0 0 0 0 0 0 0
9 24 30 6 6 6 6 6 6 6 6 6 1 6 16 6 6 6 3 17 33 0 0 0 0 0 0 0 0 0 7 0 32 0 0 0
6 9 24 6 6 6 1 30 16 6 6 6 6 6 6 6 6 6 0 3 17 0 0 0 7 33 32 0 0 0 0 0 0 0 0 0
