0.00 0.00 0.00 0.00 0.00 0.00 0.00 0.00 0.00 0.00 0.00 0.00 0.00 0.00 0.00 0.00 0.00 0.00 0.00 0.00 0.00 0.00 0.00 0.00 0.00 0.00 0.00 0.00 0.00 0.00 0.00 0.00 0.00 0.00 0.00 0.00 0.00 0.00 0.00 0.00 0.00 0.00 0.00 0.00 0.00 0.00 0.00 0.00 0.00 0.00
-0.24 1.20 -0.21 -0.91 -0.15 0.20 -0.13 -3.07 -0.28 0.97 0.07 1.12 -0.37 1.02 -0.02 0.31 -0.39 0.44 1.13 0.66 -0.58 0.80 0.19 0.52 0.02 0.03 0.48 -0.08 1.39 0.01 0.69 -2.20 -0.10 1.14 -1.33 -0.85 0.85 0.81 -0.50 0.61 -2.13 -2.36 -1.09 0.26 -0.09 -0.79 -1.57 -0.58 0.63 0.04
0.00 0.00 0.00 0.00 0.00 0.00 0.00 0.00 0.00 0.00 0.00 0.00 0.00 0.00 0.00 0.00 0.00 0.00 0.00 0.00 0.00 0.00 0.00 0.00 0.00 0.00 0.00 0.00 0.00 0.00 0.00 0.00 0.00 0.00 0.00 0.00 0.00 0.00 0.00 0.00 0.00 0.00 0.00 0.00 0.00 0.00 0.00 0.00 0.00 0.00
0.00 0.00 0.00 0.00 0.00 0.00 0.00 0.00 0.00 0.00 0.00 0.00 0.00 0.00 0.00 0.00 0.00 0.00 0.00 0.00 0.00 0.00 0.00 0.00 0.00 0.00 0.00 0.00 0.00 0.00 0.00 0.00 0.00 0.00 0.00 0.00 0.00 0.00 0.00 0.00 0.00 0.00 0.00 0.00 0.00 0.00 0.00 0.00 0.00 0.00
0.00 0.00 0.00 0.00 0.00 0.00 0.00 0.00 0.00 0.00 0.00 0.00 0.00 0.00 0.00 0.00 0.00 0.00 0.00 0.00 0.00 0.00 0.00 0.00 0.00 0.00 0.00 0.00 0.00 0.00 0.00 0.00 0.00 0.00 0.00 0.00 0.00 0.00 0.00 0.00 0.00 0.00 0.00 0.00 0.00 0.00 0.00 0.00 0.00 0.00
0.00 0.00 0.00 0.00 0.00 0.00 0.00 0.00 0.00 0.00 0.00 0.00 0.00 0.00 0.00 0.00 0.00 0.00 0.00 0.00 0.00 0.00 0.00 0.00 0.00 0.00 0.00 0.00 0.00 0.00 0.00 0.00 0.00 0.00 0.00 0.00 0.00 0.00 0.00 0.00 0.00 0.00 0.00 0.00 0.00 0.00 0.00 0.00 0.00 0.00
0.00 0.00 0.00 0.00 0.00 0.00 0.00 0.00 0.00 0.00 0.00 0.00 0.00 0.00 0.00 0.00 0.00 0.00 0.00 0.00 0.00 0.00 0.00 0.00 0.00 0.00 0.00 0.00 0.00 0.00 0.00 0.00 0.00 0.00 0.00 0.00 0.00 0.00 0.00 0.00 0.00 0.00 0.00 0.00 0.00 0.00 0.00 0.00 0.00 0.00
0.00 0.00 0.00 0.00 0.00 0.00 0.00 0.00 0.00 0.00 0.00 0.00 0.00 0.00 0.00 0.00 0.00 0.00 0.00 0.00 0.00 0.00 0.00 0.00 0.00 0.00 0.00 0.00 0.00 0.00 0.00 0.00 0.00 0.00 0.00 0.00 0.00 0.00 0.00 0.00 0.00 0.00 0.00 0.00 0.00 0.00 0.00 0.00 0.00 0.00
-0.78 0.21 -1.52 -0.27 0.81 0.34 1.41 -1.43 -0.90 -0.04 0.32 -0.01 0.36 -0.42 0.42 0.38 1.79 -0.77 -0.63 -0.43 -1.39 -1.98 -0.18 0.28 1.42 0.38 0.57 1.24 0.11 -2.13 0.54 0.61 -0.20 -0.60 0.07 1.38 1.06 0.98 -0.74 0.67 -0.42 0.60 0.11 0.88 -0.81 -0.80 -2.27 0.27 -0.35 2.40
0.00 0.00 0.00 0.00 0.00 0.00 0.00 0.00 0.00 0.00 0.00 0.00 0.00 0.00 0.00 0.00 0.00 0.00 0.00 0.00 0.00 0.00 0.00 0.00 0.00 0.00 0.00 0.00 0.00 0.00 0.00 0.00 0.00 0.00 0.00 0.00 0.00 0.00 0.00 0.00 0.00 0.00 0.00 0.00 0.00 0.00 0.00 0.00 0.00 0.00
0.06 -0.59 -0.64 0.11 -0.30 1.05 -0.46 -1.90 1.19 -0.71 1.43 -0.52 -0.91 0.29 -0.19 0.47 -0.47 0.64 0.68 0.80 1.33 -0.45 0.39 -2.29 -0.01 0.74 1.88 -0.06 1.49 0.10 0.39 -0.51 2.07 -0.70 -0.02 -0.71 0.53 1.18 0.22 0.62 0.46 -0.35 -2.30 1.04 -0.20 1.29 -0.73 -1.22 1.59 1.08
0.00 0.00 0.00 0.00 0.00 0.00 0.00 0.00 0.00 0.00 0.00 0.00 0.00 0.00 0.00 0.00 0.00 0.00 0.00 0.00 0.00 0.00 0.00 0.00 0.00 0.00 0.00 0.00 0.00 0.00 0.00 0.00 0.00 0.00 0.00 0.00 0.00 0.00 0.00 0.00 0.00 0.00 0.00 0.00 0.00 0.00 0.00 0.00 0.00 0.00
-1.64 1.29 -0.18 1.85 0.64 1.20 1.31 -0.51 0.53 -1.43 -0.41 -0.38 -0.94 1.55 1.42 -1.09 -1.83 1.00 -0.97 0.57 0.23 1.01 -0.73 -0.61 -1.28 -0.66 1.10 0.61 0.09 0.98 0.71 0.05 -0.22 1.61 0.64 0.29 -0.14 0.03 -0.26 0.90 -0.60 -1.13 -0.54 0.54 0.68 -1.61 1.17 0.31 -0.76 0.41
-0.96 -0.50 -0.83 -0.67 0.00 -0.13 1.34 0.08 -0.33 0.82 0.48 0.52 0.19 -0.70 0.51 0.49 -0.55 -0.06 0.75 0.78 -1.65 1.43 0.08 0.87 0.09 1.99 0.10 -0.03 -0.69 -1.48 0.13 1.02 -0.14 0.94 0.37 0.23 -0.92 0.48 -1.51 2.45 0.42 0.64 -0.13 -1.47 -1.50 -0.62 0.84 0.92 -2.18 0.76
0.00 0.00 0.00 0.00 0.00 0.00 0.00 0.00 0.00 0.00 0.00 0.00 0.00 0.00 0.00 0.00 0.00 0.00 0.00 0.00 0.00 0.00 0.00 0.00 0.00 0.00 0.00 0.00 0.00 0.00 0.00 0.00 0.00 0.00 0.00 0.00 0.00 0.00 0.00 0.00 0.00 0.00 0.00 0.00 0.00 0.00 0.00 0.00 0.00 0.00
0.00 0.00 0.00 0.00 0.00 0.00 0.00 0.00 0.00 0.00 0.00 0.00 0.00 0.00 0.00 0.00 0.00 0.00 0.00 0.00 0.00 0.00 0.00 0.00 0.00 0.00 0.00 0.00 0.00 0.00 0.00 0.00 0.00 0.00 0.00 0.00 0.00 0.00 0.00 0.00 0.00 0.00 0.00 0.00 0.00 0.00 0.00 0.00 0.00 0.00
-0.89 0.81 -0.25 1.17 -1.32 0.31 1.03 -1.63 -0.76 -0.24 -1.34 0.24 -0.49 0.50 -0.38 -1.11 0.80 0.10 1.17 1.71 -0.39 0.34 0.09 -0.52 0.13 0.25 -1.48 1.61 -0.79 -0.11 0.58 0.25 -0.85 -0.66 -0.40 0.01 -0.69 1.28 2.16 -0.26 2.06 0.12 0.45 0.94 0.83 -0.01 -1.30 1.86 1.26 0.82
0.00 0.00 0.00 0.00 0.00 0.00 0.00 0.00 0.00 0.00 0.00 0.00 0.00 0.00 0.00 0.00 0.00 0.00 0.00 0.00 0.00 0.00 0.00 0.00 0.00 0.00 0.00 0.00 0.00 0.00 0.00 0.00 0.00 0.00 0.00 0.00 0.00 0.00 0.00 0.00 0.00 0.00 0.00 0.00 0.00 0.00 0.00 0.00 0.00 0.00
0.00 0.00 0.00 0.00 0.00 0.00 0.00 0.00 0.00 0.00 0.00 0.00 0.00 0.00 0.00 0.00 0.00 0.00 0.00 0.00 0.00 0.00 0.00 0.00 0.00 0.00 0.00 0.00 0.00 0.00 0.00 0.00 0.00 0.00 0.00 0.00 0.00 0.00 0.00 0.00 0.00 0.00 0.00 0.00 0.00 0.00 0.00 0.00 0.00 0.00
0.00 0.00 0.00 0.00 0.00 0.00 0.00 0.00 0.00 0.00 0.00 0.00 0.00 0.00 0.00 0.00 0.00 0.00 0.00 0.00 0.00 0.00 0.00 0.00 0.00 0.00 0.00 0.00 0.00 0.00 0.00 0.00 0.00 0.00 0.00 0.00 0.00 0.00 0.00 0.00 0.00 0.00 0.00 0.00 0.00 0.00 0.00 0.00 0.00 0.00
0.00 0.00 0.00 0.00 0.00 0.00 0.00 0.00 0.00 0.00 0.00 0.00 0.00 0.00 0.00 0.00 0.00 0.00 0.00 0.00 0.00 0.00 0.00 0.00 0.00 0.00 0.00 0.00 0.00 0.00 0.00 0.00 0.00 0.00 0.00 0.00 0.00 0.00 0.00 0.00 0.00 0.00 0.00 0.00 0.00 0.00 0.00 0.00 0.00 0.00
1.18 0.08 1.05 -0.38 -0.28 -0.64 0.79 -1.35 0.69 -0.37 0.00 -2.33 0.21 -0.15 1.86 -0.97 -1.14 -0.07 0.68 0.50 -0.57 -0.22 0.22 -0.55 1.74 2.52 0.04 -0.23 0.90 0.60 -0.14 0.13 -0.77 0.82 -1.79 -0.42 -1.59 -0.57 2.74 0.62 -0.59 0.99 -0.34 0.42 -0.19 -0.51 0.13 -0.79 0.59 1.21
0.28 0.94 0.09 -1.31 -1.06 -0.08 -0.79 -0.62 0.05 -1.38 -1.19 -0.78 -1.03 -0.96 -0.02 -0.63 -0.06 0.76 -0.61 -0.81 2.19 1.35 1.42 -2.15 -0.64 0.69 0.56 0.83 1.11 0.61 2.10 -0.86 0.24 0.70 -0.48 -0.23 -0.20 0.08 1.47 0.38 0.25 -0.54 -2.49 0.74 -0.01 -0.13 -1.12 -0.47 1.19 0.82
0.61 -0.09 -0.62 -1.90 -1.44 -0.62 -0.36 -1.58 0.23 0.75 1.73 -0.54 0.95 1.79 1.07 0.60 -0.19 -0.86 0.13 -0.26 1.94 2.00 -1.21 0.07 -0.64 -0.04 0.96 -1.11 -0.32 -1.36 0.37 -1.20 0.60 0.08 0.25 0.26 0.22 0.81 -0.97 -0.37 -0.63 0.53 0.73 -0.83 0.28 -1.21 -0.73 0.46 1.22 0.51
-1.39 0.68 1.24 0.88 0.18 -0.69 1.88 -1.55 0.05 -1.13 0.84 0.48 0.70 0.68 1.09 0.75 0.01 0.28 0.67 0.90 -0.35 -0.06 2.35 0.45 -0.48 0.36 1.18 0.48 0.12 0.92 0.73 0.67 0.94 0.91 -1.72 0.50 0.48 0.33 -0.56 -0.36 -1.03 -1.89 0.18 -1.33 1.84 -0.42 -0.95 -0.39 0.69 -0.60
0.00 0.00 0.00 0.00 0.00 0.00 0.00 0.00 0.00 0.00 0.00 0.00 0.00 0.00 0.00 0.00 0.00 0.00 0.00 0.00 0.00 0.00 0.00 0.00 0.00 0.00 0.00 0.00 0.00 0.00 0.00 0.00 0.00 0.00 0.00 0.00 0.00 0.00 0.00 0.00 0.00 0.00 0.00 0.00 0.00 0.00 0.00 0.00 0.00 0.00
0.94 -0.90 -0.30 0.03 0.80 -1.57 0.10 -0.10 -0.43 0.31 -0.34 -2.31 -0.32 -1.07 0.42 1.04 0.26 1.14 0.15 -0.97 0.20 -0.71 -0.08 0.14 -1.32 -1.16 0.17 2.32 1.36 0.60 -0.34 0.26 -1.05 -1.53 1.41 0.11 -0.89 0.63 -1.30 0.74 -0.05 0.71 1.40 0.07 1.29 -0.51 0.52 0.70 -0.03 -1.48
-0.95 0.51 -1.35 1.25 0.05 1.23 0.45 -1.04 1.76 0.68 1.07 -0.15 -1.04 0.06 -0.22 1.77 -0.64 1.99 0.94 -0.12 -0.94 -0.06 1.64 -0.42 -0.86 0.15 1.53 1.26 1.42 0.36 -0.62 -2.04 1.43 0.47 -0.37 0.65 1.84 1.24 0.59 0.91 1.81 0.56 0.02 -0.22 1.70 1.23 -0.80 -0.29 0.83 0.69
-0.39 1.62 -0.84 -0.91 -0.57 -1.51 -0.21 -0.71 2.05 1.74 1.56 -0.16 0.70 -0.44 0.30 -1.02 -0.15 0.10 -0.53 0.39 0.88 1.70 0.34 -1.06 -1.70 1.27 2.24 0.98 1.00 -0.76 0.29 -0.67 0.78 0.05 -0.17 -0.34 -0.25 0.75 -0.17 0.02 -0.12 1.17 0.48 -0.27 -0.82 0.01 -0.45 0.56 0.15 0.28
-0.61 1.51 0.25 -0.10 -1.09 0.16 -0.22 -0.10 0.99 0.86 -0.39 -0.27 0.58 0.17 1.37 0.21 -1.29 0.90 -0.90 0.79 -0.23 0.63 -0.22 -1.15 -1.29 -0.71 1.06 0.62 -0.76 -0.31 0.73 0.50 0.29 0.64 -0.08 0.56 -0.98 1.65 0.26 -1.18 0.23 0.05 0.69 -0.67 1.43 -1.33 -0.69 -0.18 -0.95 -0.12
-0.45 0.86 0.42 0.40 -0.35 0.17 -0.22 0.34 1.09 0.10 -0.71 -1.09 0.56 1.76 1.47 -0.91 -0.98 0.42 0.74 0.47 0.64 0.74 0.29 -0.73 0.04 0.38 1.37 0.66 -0.11 0.83 1.72 0.13 1.77 1.26 -0.56 -0.18 -2.11 0.89 -1.86 -1.28 -0.33 1.31 1.46 0.77 0.22 -1.25 -0.69 -1.36 0.26 -0.12
-0.81 -1.11 -0.44 -1.75 -0.56 0.85 0.40 -0.57 -0.74 0.52 1.55 0.21 -0.53 0.58 0.44 0.74 -0.61 0.51 2.55 -0.64 0.22 1.23 -0.45 0.20 -0.84 1.23 0.02 -0.38 0.44 -0.67 0.36 -1.76 1.06 0.29 0.42 -0.62 -0.71 1.92 -0.95 -0.19 2.26 0.38 -1.09 0.99 -1.00 -0.34 -0.74 0.21 2.34 0.57
0.00 0.00 0.00 0.00 0.00 0.00 0.00 0.00 0.00 0.00 0.00 0.00 0.00 0.00 0.00 0.00 0.00 0.00 0.00 0.00 0.00 0.00 0.00 0.00 0.00 0.00 0.00 0.00 0.00 0.00 0.00 0.00 0.00 0.00 0.00 0.00 0.00 0.00 0.00 0.00 0.00 0.00 0.00 0.00 0.00 0.00 0.00 0.00 0.00 0.00
0.00 0.00 0.00 0.00 0.00 0.00 0.00 0.00 0.00 0.00 0.00 0.00 0.00 0.00 0.00 0.00 0.00 0.00 0.00 0.00 0.00 0.00 0.00 0.00 0.00 0.00 0.00 0.00 0.00 0.00 0.00 0.00 0.00 0.00 0.00 0.00 0.00 0.00 0.00 0.00 0.00 0.00 0.00 0.00 0.00 0.00 0.00 0.00 0.00 0.00
-0.99 0.04 -2.56 2.12 0.33 1.80 0.10 -0.61 0.80 0.30 0.56 -0.13 -1.32 -0.27 0.27 2.40 -0.86 1.62 1.80 1.09 -0.16 -0.54 0.72 -0.10 -0.68 0.35 1.48 1.74 0.78 -0.17 -0.43 -1.37 0.56 0.64 -0.50 -0.09 0.89 1.18 1.28 0.60 1.40 -0.26 -0.53 -0.41 1.19 0.83 -0.39 -0.47 0.80 1.20
0.00 0.00 0.00 0.00 0.00 0.00 0.00 0.00 0.00 0.00 0.00 0.00 0.00 0.00 0.00 0.00 0.00 0.00 0.00 0.00 0.00 0.00 0.00 0.00 0.00 0.00 0.00 0.00 0.00 0.00 0.00 0.00 0.00 0.00 0.00 0.00 0.00 0.00 0.00 0.00 0.00 0.00 0.00 0.00 0.00 0.00 0.00 0.00 0.00 0.00
-0.41 -0.20 0.92 0.36 -0.36 0.55 1.62 -1.77 -0.91 -0.45 0.65 -0.78 0.81 0.18 0.73 -0.77 -2.26 -1.44 0.85 -1.42 0.46 -0.04 0.70 2.06 -1.59 -0.42 -0.41 1.09 -1.06 1.57 -0.01 0.65 -0.41 -0.41 -2.40 0.56 -0.59 -0.84 -0.66 -0.65 0.51 -0.62 1.66 -0.64 0.10 -0.58 -0.70 -0.84 0.93 -0.91
0.00 0.00 0.00 0.00 0.00 0.00 0.00 0.00 0.00 0.00 0.00 0.00 0.00 0.00 0.00 0.00 0.00 0.00 0.00 0.00 0.00 0.00 0.00 0.00 0.00 0.00 0.00 0.00 0.00 0.00 0.00 0.00 0.00 0.00 0.00 0.00 0.00 0.00 0.00 0.00 0.00 0.00 0.00 0.00 0.00 0.00 0.00 0.00 0.00 0.00
0.99 0.62 -1.35 2.65 0.87 -0.84 2.50 -1.18 -0.54 -1.24 0.57 0.21 0.14 -0.04 0.35 0.03 -0.42 -0.69 -0.14 1.21 0.50 -2.13 -0.48 -0.27 0.95 0.59 1.45 0.46 -0.62 -0.78 0.34 0.12 0.66 -0.54 -0.14 1.04 0.56 1.22 0.01 -0.94 -1.50 1.21 -0.16 -1.69 -0.00 -0.47 -0.78 0.69 -0.83 1.37
-0.05 -0.71 -1.21 -0.85 -1.27 -1.28 -0.72 -0.53 1.05 1.78 0.01 0.23 0.80 0.82 -0.52 -0.79 -0.44 -1.09 0.01 0.65 0.29 1.30 0.78 -1.19 -0.92 1.63 1.08 0.88 0.37 0.34 -0.77 -0.81 1.52 1.14 0.15 0.24 -1.64 0.59 -0.69 -0.69 -0.12 2.52 1.23 1.17 0.81 -1.29 -1.04 1.25 1.11 -0.40
0.00 0.00 0.00 0.00 0.00 0.00 0.00 0.00 0.00 0.00 0.00 0.00 0.00 0.00 0.00 0.00 0.00 0.00 0.00 0.00 0.00 0.00 0.00 0.00 0.00 0.00 0.00 0.00 0.00 0.00 0.00 0.00 0.00 0.00 0.00 0.00 0.00 0.00 0.00 0.00 0.00 0.00 0.00 0.00 0.00 0.00 0.00 0.00 0.00 0.00
